101020
1028
13002102
13002200
13003300
13010003
13010004
13010006
13010007
13010013
13010017
13010019
13010046
13010047
13010062
13010063
13010064
13010065
13010066
13010067
13010068
13010069
13010115
13010116
13010118
13010119
13010177
13010178
13010179
13010181
13010182
13010183
13010184
13010185
13010186
13010187
13010189
13010190
13014001
13014058
13014075
13014101
13014102
13014103
13014104
13051001
13051002
13051009
13051010
13051011
13051013
13051014
13051027
13051028
13051031
13051032
13101001
13101015
13104001
13104002
13104045
13104050
13104075
13104100
13104125
13104151
13104175
13104200
13104225
13104251
13104325
13104330
13104341
13104350
13104360
13104375
13104400
13104401
13104450
13104475
13104500
13104525
13104550
13104600
13104625
13104676
13104678
13107012
13108014
13115101
13116003
13119001
13119002
13119006
13119009
13125099
13204006
13204007
13204008
13204009
13204016
14022001
14022011
14050006
14051001
14051002
14051004
14051005
14051007
14051008
14051034
14051036
14051037
14051041
14051052
14051075
14051111
14051112
14053006
14100084
14101004
14102004
14102008
14102101
14103001
14103025
14103050
14103075
14103125
14103150
14103175
14103200
14103225
14103250
14103275
14103300
14103325
14103350
14103400
14105002
14112001
14118002
14118101
14120103
14120104
14120105
14150102
14150201
14150202
14150208
14150209
14150210
14150211
14150214
14150215
14150216
14150218
14150219
14150220
14201002
14201010
14201020
14201030
14201040
14201070
14201075
14201100
155003
160009
160026
2008
2010
2038
2042
2050
2059
2101012
2101016
2101020
2101032
2101035
2101047
2101051
2101053
2101902
2101903
2101905
2101907
2101917
2101918
2101925
2101951
2101980
2104103
21113
21140
21142
2120062
2120073
2120088
2120090
2123024
2123028
2142020
2300001
2300002
2300003
2300004
2300005
2300006
2300007
2300008
2300020
2300021
2300022
2300023
2300024
2300025
25985
265301
28132
3001053
3001054
3002005
3002021
3002036
3003008
3003019
3003020
3003021
3003049
3003050
3003056
3003060
3003066
3003076
3003096
3003098
3003104
3003450
3003550
3003551
3003552
3003553
3003554
3003555
3003556
3003557
3003558
3003559
3003560
3003561
3003564
3003566
3003567
3003568
3003569
3003571
3003572
3006198
3006199
3008001
3008002
3008005
3010
3010001
3013099
3014
3021
3024116
3024120
3024121
3024122
3024201
3024207
3031
3200
3201
3201011
3201283
3201285
3201287
3201901
3201907
3201920
3202
3203
3204
3204010
3204013
3204305
3204401
3204413
3205
3206
3206006
3206007
3206008
3206009
3208
3209302
3209307
3209308
3209309
3209310
3209360
3209380
3209390
3209391
3209392
3209393
3210465
32106
32107
32108
32109
32110
32111
32112
32113
32114
32115
32116
32117
32118
32120
32122
32124
32125
32150
32160
3216001
3216005
3216010
3216018
3216024
3216026
3216027
3216028
3216030
3216031
3217101
3217103
3217109
3217110
3223001
3223004
3223006
3223007
3223012
3223024
3223101
3223103
3223105
3223109
3223133
3223136
3223171
3300
336100
336200
336401
336425
336427
336429
336431
336437
336438
336439
34101
34121
34152
34176
34201
34226
34252
34277
34301
34326
4018
4026
4032
4042304
4042308
4043003
4043004
4043067
4043071
4043072
4043074
4043101
4043102
4043201
4043210
4043211
4043214
4043304
4043305
4043352
4043361
4043850
4043851
4043853
4043854
4043855
4043865
4043866
4043900
4049001
4049002
4049003
4049004
4049005
4049006
4049007
4049008
4049010
4049020
4049030
4049031
4049032
4049033
4049034
4049035
4049036
4049040
4049041
4049051
4049201
4049202
4051004
4052004
4053005
4054005
4055
4055015
4056004
4057005
4058012
4101
4111
411103
411107
411205
4127501
4209011
4209029
4222101
4251110
4284125
4321001
4426613
4426614
4426615
4426617
4426619
4426621
4426624
4426626
4426629
4426656
4426664
4426669
4426713
4564004
4564007
4564010
4564450
4572202
4572233
4572237
4572241
4572244
4572246
4740001
4740011
4740013
4740014
4740016
4740035
4740041
4740048
4740050
4740052
4740053
4740054
4740055
4740075
4740080
4740082
4740084
4740086
4740087
4740089
4740151
4740155
4740160
4740311
4744303
4744305
4744307
4744309
4744311
4744320
4746101
4746104
4746110
4746117
4746120
4746124
4746126
4746128
4747021
4747031
4747051
4747063
4747080
4747090
4747301
4747304
4901001
4901009
4901011
4901020
4901023
4901025
4901030
4901045
4901061
4901062
4901077
4901083
4901091
4901151
4901154
4901156
4901157
4902078
4902088
4905002
4907003
4908003
4909003
4910003
4911003
4912003
4913003
4914001
4916001
4940006
5009043
5009044
5009045
5010
5028
5036
5160
5163
567013
568012
700101
704211
705201
7060023
706254
706255
706257
708413
7110357
7110377
7110383
7110389
7110395
7110401
7110407
7110419
7110421
7110425
7110431
7110437
7110438
7110439
7110440
7110443
7110445
7110449
7110450
7110455
7110461
7110471
7110481
7110482
7118325
7118345
7118348
7118351
7118352
7118355
7118357
7118380
7118381
7118383
7118384
7118385
7118393
7118395
7118405
7118408
7118411
7118414
7118420
7118427
7118434
7118444
7118445
7118448
7118449
7118452
7118531
7118533
7118551
7118553
7118570
7119083
7119093
712119
7125102
713001
7133029
7134103
7134109
7134153
7134172
7134180
7134182
7134202
7134205
7134211
7134224
7134225
7134227
7134228
7134229
7134231
7134233
7134241
7134244
7134248
7134251
7134254
7134257
7134260
7134263
7134268
7134272
7136034
7136051
7136071
7140401
7140503
7140505
7140507
7140508
7140510
7142185
7142230
7142288
7142351
7142352
7142356
7142357
7142365
7142371
7142378
731052
732006
733016
734100
735015
735021
736007
737011
738050
739511
741051
7503251
7503253
7503257
7503259
777321
777322
777323
810101
810103
810104
810105
8300272
